# M (w 1-5)
1,1; 1,2; 1,3; 1,4; 1,5; 2,2; 3,3; 4,2; 5,1; 5,2; 5,3; 5,4; 5,5
# A (w 7-9)
7,2; 7,3; 7,4; 7,5; 8,1; 8,3; 9,2; 9,3; 9,4; 9,5
# X (w 11-13)
11,1; 11,2; 11,4; 11,5; 12,3; 13,1; 13,2; 13,4; 13,5
# T (w 15-17)
15,1; 16,1; 16,2; 16,3; 16,4; 16,5; 17,1
# Y (w 19-21)
19,1; 19,2; 20,3; 20,4; 20,5; 21,1; 21,2
# U (w 23-25)
23,1; 23,2; 23,3; 23,4; 24,5; 25,1; 25,2; 25,3; 25,4
# K (w 27-29)
27,1; 27,2; 27,3; 27,4; 27,5; 28,3; 29,1; 29,2; 29,4; 29,5
# H (w 31-33)
31,1; 31,2; 31,3; 31,4; 31,5; 32,3; 33,1; 33,2; 33,3; 33,4; 33,5
